$ANSIBLE_VAULT;1.1;AES256
34396263353165656363366430383437383131613633366630666163333032643163643638396633
3337316163303332323030613964303539373264623631330a383464343664353237633130303034
34663464666163396262393166383338383339346564336337623237303432656366653736623131
3532633661363135340a346336323566636164613332313231656332373136333332646632356638
63306538386665343733306361653231326266323566333531613039393835323238366661343038
30386136373631383065623266393437323763383839356666613233623037636637346237353935
32353966323365656633663161333463646263643333313762663538666537373031393633303566
62393265356639396361656438643739373762313432393932363864303333613136326331383661
34636536376436626363386134633465653662643238303039356534393163333836306230353038
32643231323766303030323231356237656230373432346565373432346337383939343861653337
64396466323835613132616666653231316531393431306138396632376132376465303332383835
35343037633537623863313834626362326363656233626234343064393465656233366234393332
63303734633062663635653263353230363732636632383837343563336432366532343036323734
31393962303339376130666365633935343330336263626533303964333034313032666339613863
32613638633436326536323665376462343561313232376636353261616635626339656661313462
35643439353132383936393939363861303936366235356633633138646463383162353365353332
63383031613465613039346431306432303065373564396339386163393062373033613333356363
65303633383936373031366635646662393735633930363063323064666161633634303161663932
64333936326239373761633739363332643036303633353966363135313662636539316665303932
30616435313262343130613865333538356630333132363631363533303235613737383835383161
34366365303861393462343732326362376666336333653534343963616135613162393136653561
33353663653464386363376366663634623030373966316432623063303861616337313236643632
31663562353963663638313938643634643335626337663330653938633838393836653165353666
36643565666138373230393565626337386137376134343962643461366162653561616436336237
35313466343337313435313964393963343731316330356232346137653133376334346266393965
35303336323839613631643533643064623361663864343132303966613632666439653261373939
34346466303964323938656466313338373561316133656233316137616632383535346366653833
39613435613939303264303437343230323164306231323334393465633439376134353131343337
30396533373439643266353139303433613539643730393561643363303862653936633239623835
62343937666663633633343563383632623263336634326336363662616665643963663666353538
36666662386566363062346533303736393866313034663861346132643965373830326264386134
35636137636334643634363061343636643435333431383636383630623939376261353830626230
36313338323730646439333235346234613632303366656166373537656530363937316663353233
64656138613237396233343666393230303163646361386639613034306564346363376239376164
63383731623133303862666139396233383465333361643033333435613738623237343533373336
37616636626466316439303066313735306633663362333332306633636236343863646634383664
62616666316437333938363131363532326132613839626631653863633738626464316361353565
38306539613761356365363334383738393966646664383265383630653130383233626564393938
37356262393635353137303138303933326135306635356662623339633939373662386238353934
33646438666364636239633531643865363933343065386337656134333134376166346237303264
31656136376632323362333464343832396361633566626336656336613435636431653261313038
36363339363065626539656261396535633134333163646334623962306332633335386136613236
34386534633464646662643964323537633765623039623264643139633130393632313939383732
36633964636461306462316635383536363263386130666136653533623736376232653837313965
32313663333135323863376139373962396133316638663935373233643438636265306437303037
33313132653963636432316561393639353564393263323366333361633965303266373038333330
63386462336131616362653132643136333966386532633138663132323539643738343935306636
66396138366465303531376265363230336438353262633531626464346230393232316466306464
30383435636236633938656131643633636435636334626135333536303263383832376236316361
33323838313031393931313430623137333665613231643130383833663334666430653039386565
38663935313461633261626561633432643532326664323763613463343037376238316432643531
65653539353965613461623330376335356332326131626261356437656332636637653532353731
31623536613038313431613537646563336631633563666530666331303165363262666662623966
38376235323930333632383738363133363030343462633134666364653761376463663034343966
63666439663334616237346435376562316333646533313331306633306364616236656266613464
37343933343365663636616332306537643366313761306431326266396636653932643231623764
33303632343936343030326234353233316433333562623063336263366135353539666661366364
33303366333230663335316630373631633436623336636636353339376338313336343538623535
36613731613466653338303139313736643434303435376161653663656262363362343961636330
35646165376331613336333138383765626632376633643339356532326432623364636536326663
65386632326338613763323165376261373737343836626531303939343436303463373333366161
37656631313030613965643834643361666364393964633234346134343134616138323661376231
32326631313934343230623632643739613866336430393261623761313235333733306234393436
65376637623261326337633961363662373734313461366237653634326633646231646430326334
31366363653964313361346533356231306235663031623934326339343166653734323832663935
36323031376331363335386231373832303830323163633436333135653135646132373363643862
38646139613030376462643162363438623532343431376237626136363139643163383135303334
32336161613435373461633563313233323463616663396361633864346435363665633339323265
31643935653964336636373030613661363531636163383538373431393733663832643637333939
37346436376263636330666636373631623535343639343334333966313738333037306265316638
65393938616436383339626665353563373931383135346564383030323664393031363335363336
35376537343539366165303536643434353466383464393733613332633061376236623135323464
36633239666462363164393537393530653166306239613934373331343362613338363034623136
63313538666434313265363064666165333935386333613163633936333139626661353364316462
32353166393366336165666565353036343035623938623066306265396235376264303136373830
39333737613730396433343466336232303636616163376538366161356266326163623735653232
66346631616335343330333566643632346235333130386365313765393135303866636434656235
61343863643232313562636561376138653237336366353263666637313438313832616531323834
30633163373736353661306262646230343938376262316332353565393832313865326662343230
66356433363861373237643565356639386166346139356636373236396566613065353437663365
38343962396434353936646437633537323566626632323162383238303937373963393764393231
61636232623339663965326632393636396237636565313636353135313463636463623138656136
36333435643731323963616437643037343432386535366336633939633663353337356530653536
31336435353964303836343133623461643930303738643232373833356338626335343561343239
33666437376437393535343066666263623863316466323439353434386437386564373231653061
37366534313133373062366239656537636631363333376465656639363333653631623631393536
38633864343136306665303935346561336465623735613264646333656264353034363432396334
31626264343139353137
