$ANSIBLE_VAULT;1.1;AES256
63656235663939343865626264323833326636613231346361633736386563636539396539363735
6636326664386639333335343863326364313764626436610a376362333565613931653164623939
39366533353766373834616531373833376661366461373463383265353966366434333464363038
3665393461306235620a363261383330336638373165613963333231303637353937646665356230
37343031656634616337636366353164333935616265303638306634343333643233316337326139
30633337656334303630343166363065323736613263386238613136323266393035336364383934
64656132383462363133393330616338393133343037316638663730363630646233326236363865
39646565316665343037663663616134643237336532623031616263373766393130663638393763
33326562633533663539336631376666383362313436626463623135353537646130376236623339
32623962306236636337363832653363353364393366636431333165396461343733363035366132
613131643539663563386636326464333734
